#  resource string key  |  id  |  band gains
preset_more_bass|1|12.0;9.0;6.0;3.0;0.0;0.0;0.0;0.0;0.0;0.0
preset_more_treble|2|0.0;0.0;0.0;0.0;0.0;0.0;3.0;6.0;9.0;12.0
preset_linear|3|0.0;0.0;0.0;0.0;0.0;0.0;0.0;0.0;0.0;0.0
preset_less_bass|4|-12.0;-9.0;-6.0;-3.0;0.0;0.0;0.0;0.0;0.0;0.0
preset_less_treble|5|0.0;0.0;0.0;0.0;0.0;0.0;-3.0;-6.0;-9.0;-12.0
preset_classic|6|0.0;0.0;0.0;0.0;0.0;0.0;-7.1;-7.1;-7.1;-9.6
preset_dance|7|9.6;7.1;2.4;0.0;0.0;-5.5;-7.1;-7.1;0.0;0.0
preset_pop|8|-1.6;4.8;7.1;7.9;5.5;0.0;-2.4;-2.4;-1.6;-1.6
preset_reggae|9|0.0;0.0;0.0;-5.5;0.0;6.4;6.4;0.0;0.0;0.0
preset_rock|10|7.9;4.8;-5.5;-7.9;-3.2;3.9;8.8;11.1;11.1;11.1
preset_techno|11|7.9;5.5;0.0;-5.5;-4.8;0.0;7.9;9.6;9.6;8.8